307200000S
       63259           21
       -3734           -1
       -2703           -1
       -2291           -1
        3363            1
       -3736           -1
        3027            1
       -5137           -2
       28567            1
       -6474           -2
       -9858           -3
       -3396           -1
        2284            1
        3009            1
        2877            1
        2456            1
       -2289           -1
        3278            1
        2988            1
       -2375           -1
        2384            1
       -7051           -2
       -3198           -1
       15861            1
        2713            1
        2705            1
        2413            1
        3257            1
        2786            1
        2789            1
       -5466           -2
       20831            1
        2279            1
       22612            1
       22529            1
       24902            1
       11482            1
       -3734           -1
        3394            1
       -3256           -1
       -2295           -1
        2707            1
        2707            1
        2707            1
        2705            1
       -3363           -1
       -3027           -1
      -28567           -1
       -2284           -1
       -3009           -1
       -2877           -1
       -2456           -1
       -6266           -2
       -2384           -1
      -15861           -1
       -5418           -2
        2299            1
        3018            1
       -2413           -1
       -3257           -1
       20380            1
       22143            1
       -5575           -2
      -20831           -1
       -2279           -1
      -70043           -3
        2188            1
      -11482           -1
        2300            1
        2751            1
        2702            1
        2724            1
        2730            1
        2715            1
       -3394           -1
      -10826           -4
        3372            1
        2734            1
       -2299           -1
       -3018           -1
        2223            1
      -42523           -2
        2729            1
       -2188           -1
        1949            1
       -2300           -1
      -13622           -5
        2390            1
        2287            1
       -3372           -1
        2289            1
        3265            1
        3255            1
       -2734           -1
        3265            1
       -2223           -1
       -2729           -1
       -1949           -1
        3199            1
        3401            1
        2706            1
        2700            1
       -2390           -1
       -2287           -1
        2319            1
        2300            1
        2240            1
        3189            1
        2686            1
        3393            1
        2434            1
       -2289           -1
       -6520           -2
      159416            1
        2299            1
       -3265           -1
        3239            1
        3394            1
        2720            1
        2712            1
        8943            1
        3587            1
        3398            1
        2317            1
        3233            1
        3045            1
        3233            1
        1869            1
       -3199           -1
        2698            1
        2705            1
        2283            1
       -3401           -1
       -5406           -2
       -6859           -3
       -3189           -1
       -2686           -1
       -5827           -2
        2726            1
        2710            1
        2704            1
     -159416           -1
       -2299           -1
        2704            1
        2435            1
       -3239           -1
        2289            1
       -3394           -1
        6426            1
       -5432           -2
       -8943           -1
       -3587           -1
       -3398           -1
       -2317           -1
      -11380           -4
        3242            1
       -5403           -2
       -2283           -1
        3264            1
        2337            1
