307200000S
     4114733          270
       17133            1
        8496            1
       16499            1
       17312            1
        5355            1
        7111            1
        6875            1
       18755            1
       16955            1
       18991            1
       16679            1
       16047            1
       16642            1
       15935            1
       15107            1
       17177            1
       15479            1
       17019            1
       17558            1
       16849            1
       16682            1
       17170            1
       16227            1
       16615            1
       17803            1
       16357            1
       17491            1
       15814            1
       16014            1
       16332            1
       14445            1
       16764            1
       16481            1
       16403            1
       15943            1
       15231            1
       16584            1
       17891            1
       17886            1
       17147            1
       16797            1
       16867            1
       16354            1
       17304            1
       18466            1
       18129            1
       17208            1
       17580            1
       17712            1
       16391            1
       14243            1
       15429            1
       16201            1
        4631            1
       15955            1
       15114            1
       17089            1
       13394            1
       16323            1
       15751            1
       17345            1
       16122            1
       16774            1
        8213            1
       16041            1
       17296            1
       14205            1
       15422            1
       16576            1
       17419            1
       16596            1
       17146            1
       18242            1
       16857            1
       16350            1
       15769            1
        5307            1
       14933            1
